Highest F1-measure: 0.8149725612253256
Best combo: (1e-05, 1000)
Report:               precision    recall  f1-score   support

         LOC       0.90      0.87      0.88      1837
        MISC       0.77      0.74      0.76       922
         ORG       0.75      0.71      0.73      1341
         PER       0.88      0.88      0.88      1842

   micro avg       0.84      0.82      0.83      5942
   macro avg       0.82      0.80      0.81      5942
weighted avg       0.84      0.82      0.83      5942


[[0.         0.         0.         0.         0.         0.        ]
 [0.         0.         0.         0.         0.         0.        ]
 [0.62026726 0.62026726 0.62026726 0.62026726 0.62026726 0.62026726]
 [0.74778243 0.74778243 0.74778243 0.74778243 0.74778243 0.74778243]
 [0.80131579 0.80131579 0.80131579 0.80131579 0.80131579 0.80131579]
 [0.81497256 0.81497256 0.81497256 0.81497256 0.81497256 0.81497256]]