(Regularization, Epochs)
Highest F1-measure: 0.845370978332239
Best combo: (1e-07, 10)
Report:               precision    recall  f1-score   support

         LOC       0.94      0.88      0.91      1837
        MISC       0.83      0.78      0.80       922
         ORG       0.79      0.74      0.76      1341
         PER       0.89      0.91      0.90      1842

   micro avg       0.87      0.84      0.86      5942
   macro avg       0.86      0.83      0.84      5942
weighted avg       0.87      0.84      0.86      5942


[[0.63490718 0.61566999 0.63131892 0.63131892 0.63131892]
 [0.76768839 0.76226602 0.75900049 0.75900049 0.75900049]
 [0.7988868  0.82551656 0.83857166 0.83857166 0.83857166]
 [0.80078476 0.83443926 0.84374743 0.83588944 0.83588944]
 [0.80143873 0.83463019 0.84537098 0.83664947 0.83664947]]